w 0 0
s 0 1
a 0 2
q 0 3
2 0 4
\3a 0 5
x 0 7

p 1 0
. 1 1
; 1 2
- 1 3
\43 1 4
 1 5
\50 1 6
\2c 1 7

] 3 0
 3 1
\28 3 2
` 3 3
+ 3 4
 3 5
 3 6
 3 7

e 4 0
c 4 1
d 4 2
4 4 3
3 4 4
\3b 4 5
 4 6
 4 7

t 5 0
v 5 1
f 5 2
r 5 3
5 5 4
\3c 5 5
y 5 6
 5 7

 6 0
 6 1
 6 2
 6 3
 6 4
 6 5
 6 6
 6 7

[ 7 0
/ 7 1
' 7 2
= 7 3
\45 7 4
\44 7 5
\4a 7 6
 7 7

6 8 0
n 8 1
j 8 2
u 8 3
7 8 4
\3e 8 5
b 8 6
g 8 7

o 9 0
, 9 1
l 9 2
0 9 3
 9 4
 9 5
 9 6
 9 7

i 10 0
m 10 1
k 10 2
9 10 3
8 10 4
 10 5
 10 6
 10 7

 11 0
 11 1
z 11 2
\2b 11 3
1 11 4
 11 5
h 11 6
 11 7

 12 0
 12 1
 12 2
 12 3
 12 4
 12 5
 12 6
 12 7

 13 0
 13 1
 13 2
 13 3
 13 4
 13 5
 13 6
 13 7

\\ 14 0
 14 1
 14 2
 14 3
* 14 4
- 14 5
\4f 14 6
\2a 14 7
